a 186 47 0 0
b 64 42 0 0
c 13 31 0 0
d 22 34 0 0
e 32 36 0 0
f 103 45 0 0
g 21 34 0 0
h 15 31 0 0
i 47 38 0 0
j 57 40 0 0
k 1 26 0 0
l 5 29 0 0
m 32 37 0 0
n 57 41 0 0
o 63 41 0 0
p 15 32 0 0
q 1 26 0 0
r 48 39 0 0
s 51 39 0 0
t 80 43 0 0
u 23 35 0 0
v 8 30 0 0
w 18 33 0 0
x 1 27 0 0
y 16 32 0 0
z 1 27 0 0
2 2 28 10 16
2 2 28 23 25
4 4 29 26 27
9 9 30 28 11
17 17 33 21 29
28 28 35 2 7
31 31 36 15 24
35 35 37 30 22
43 43 38 6 3
51 51 40 20 31
63 63 42 32 4
67 67 43 12 33
90 90 44 34 8
99 99 44 17 18
108 108 45 35 9
120 120 46 13 14
127 127 46 36 1
147 147 47 37 19
189 189 48 38 39
211 211 48 5 40
247 247 49 41 42
333 333 49 43 0
400 400 50 44 45
580 580 50 46 47
980 980 0 48 49
